$ANSIBLE_VAULT;1.1;AES256
64653131653831613735306565376337333661616636613136636564663264306666323738373534
3564393862643566333539656663393663653935353939640a663538343335386133646363663265
31353935383435636437313331346331346462396263616234306630636137323832313161306638
3065313038363362370a623935303563386161386236306461626463653764366436373736626130
63303064653262316130373730663563633233323963333163343163393539656664623665633266
37333539393737353462313136363433363061333133366366346435613363323431653535613065
34373066346439373631636637643961333764613136353330613431373039376563386461356437
31323462376332393231303732373830373839376363656465316463343230366636313261633063
36643939653539626662643961616439643530346338613062326666643130633065376263643631
66303530313338353631363463336166643033653235626263613438306334353932386466373466
34363537363661633636616231643539306139316239646232303033343033613963633964623762
36303538343230323339333536363066613065323236326639623561623462386533646364613533
36306361623530636361366166653230393337393030346361303034626536363030366564333939
30313162643131653664343364383061333731313637636235396639633934656433323934643633
38303564366630643639656635656565383130623636366565356363326330616330313934616635
36353264633838636331333738313862663833663234323632333338646261613332396362353333
33336337633835393937623339346335633438343131343837393439613162393635383163613331
33636437616138383737616536333261383835306566303164326137343930646162323731656565
31623434363632333539643263376239613862383534643935663939633935316463626434343733
63353538353338376137373966613863333664623431383235336536656136663630656135626462
31376463303665316633626361653761356537356435623030393231353461386139326439666137
64326238393738316431656537326565656638316161383338643135333131363534386537383439
35663663383763623066396337663165343865313965323938343865393239363662616638373737
39366333626163393864633335633130613033383139323138386563356165626231353737633435
39613534356563393739383836376165333237326439363662666238366263333736333832343961
66373164376463653937366362366562653863323163343139623339333664653639336466616265
32366363323832643863646165303132353337386566633732353136623239346364313237356230
34643234356363646337346437306232383234663463323231326238636530666439613130343733
30623261646163633565303039366437333836623962626266316232373065663732316431376239
62363162343834643332313839306533313464356536643135353637623761636337626461653338
37356365623366636266356666323438363266393135333237616265353533313834316234303534
39653664663637326432326462386661313537333636386537336661396631393863363938356661
62626662653235356630643832336133363764653861313263313630303564663837303334316564
30636132306535633265306438373261393261653761623264356230613730666461353332656637
36303461623932303963303732346237346236323065646535333266383966303137363437386532
66303163653963323337643664646634633664373333343735303266643439306365646334303333
66306331363139666335356131386264383337643133656434393135626236623033333664623531
30366236623937373134643135663766303037663438383262616639643364316533386236343866
38386133303530303435373161333935323030336664373836323364333637323231336631376130
64396133643666323162333335353130323635653835353338633338393932306664623839653562
66393038626632363137393835316132643336623766306639376332373562363039626334356363
62363864656332333836343138616565343734343635386665306438643239646263633534306532
37666136346138653365643431333538623833623464646232316236326561303832656135326465
31613733333565323865323338353530623936346365643938393536613062613262643335666564
39393532653530646134303730623739356164643931653736313438383235333465333564613133
61653839363733656430306663616433306464383231393336633462373331363638636530666462
66373033666538376539323239333037386639626361306564623236643639376631376264623861
33656266343563383466313431643333643133326639333230373833636661303331396239313565
31313930316266626564353662646436393830313864646661366563376434643461656332326366
39643538303236663564656164636330353164356139353464333439386531633761633464633164
38333833326666346336366266303137393531633364323264656666386430393165323462653066
34346133353630623266616466343934363534383337653765663032366139323036343764633235
66643833333930653631623538333463646662353461636261663664346535323766346361386534
61303666323637356132396466666333666165343062393630313265306639616161376536363933
36323331636363656136376564633863326339396162653664633036616637393163323539366236
61383162636162363665336165633066313536366638333331316132623232316563306633633463
31303938643834646333353532323730366632393139666533633332393662393538663230303131
61306430666566666366353165396333363961303538613532336665386430353263363438313731
66313636316431666237656633613735353266363534646362353466353339646336626235613532
39363139616635343636303364386237326134636534333433656532306436613335623733633631
63663135616131663164376138396366376431373438383866313562623834333632396635613334
64306432636638303864366139326662333866373762353731303965316233653331346332643130
38366430313539336530303764386238333262393330393737656333653434653732336138383439
64366565306133623639666164343963636163653032346164663238306561326436396661663665
61626662393435303466326638616136333264336538623538396561663039303637656537333663
30663134333130373035303961636237323563643862613766306161623734386639353962666165
31353166373766613833613633346339316537313133346337333039353535343639396363333935
36646138616537326565336436636638303564313264313564333963663162343864366130366138
63316363663037383735636139663965316364323031336465663437616232393763323566313037
62643138643333633530376462616234323438663138393939626565663636646534626164373336
62333863646135393139383436333166666231623939376234306439306537613232323165633862
36666665353132323433303733623762656331333639653664316164326164666435366637373030
64383636663665383230663664623164323164326132613333646132623033663533626162386238
34633436646564663832383963613036356337383034353866303462636162643163646464626165
30343438353935333837363861353730633436316133356438393734333064326536313032623536
61323436373139336564643332316630643936633634303239313264616532323266383531313263
61306138343834303761616630636636313163623831616333333362306235653334616331303361
35323862343563363034346561623630353435623133653166336265393931336330383538366430
36373135663136336138343362663834366334663438353961663036636366303034353434363532
66663231383439333239666236306535623930373063336663306335323466363162666530633462
35316234653331386665643164306363336130323435643237316137666136303832396139386563
64366632326166353865383163626538326632646237623064626536396236376536643266643235
65373066323834666532393735326463313234323064336433393838616466393531323262613433
35616664363666366339366433383739376363303239363463646463663265303733393963383661
32633933343337663939623637636436396539623463353935316638366339393865646464666233
35306366303230303362613834653530383835333836666162373463666138313038646162633932
63663261656132343130633265623536646334643432363861346161376635363435323464323235
65306564613037313537633763613734366664303762616438656266623166336466393832366566
33623133316565343038383931653939373562346561376664356462333962353832623565303238
30323739333033653936323931303361653564656134356332383839653835373037376162663739
39303465633533653266373566396238306539643534313935333466373865393734633336336666
63626538343836383234306638343866366332666430303036396637343365313437656535336633
66333338636363386464323735353639653364356330633663336537343462633439633938336331
64316137616437333261313733326337323933663630323739636135613961393961653461313531
62323232613532343332353732363766363863323736623032323931646263393065386539366131
66633632393833343239613765313832366336363230623562383532663063306132646133633161
63326432313636646262633663386364326534303934313037643730613362326638316631383534
64653930306333376664376464326436623237646531303033663062353639393266363963663931
34356533343362663430396435323433303533613239636239316666646138343434396638336438
33626361386335303865613566366661343038386366383832373634353266396333356639353938
36316464313838663730316661373064313437396161643336303038363865336261646133626266
61316139656264313736326165343732306636306436613563386265306534663130393061623763
35303264303935613330393935386465343434343239343965633936353162353038646234333665
37316462613033366134336138366437396464373132396465313236646261626639303234393833
35623032316438383535303232653734643736363934666630666536313863626332353833383036
31633932393139626239663535653262333439376330306531306562346263386631666535393965
33336663626262313236636633386232336137386565333038363337306432663864366538313430
39393261313435656639313763396632333134346130393133663239613939343435366635356337
37363039383138336339363635653336313335613661376139383365613335383539373737313537
30393836663939393661653265333063626436383665346336313331356537626538353166326231
62323236376131363261343465353363613431343533393235346462313037633663326161666166
66366530363963306532653165396435303037393738663135643361313166313662306364323565
33393338353334636434333432316530353531343338623139343365353639376364633163353362
34643965353262663461383237646663663363383763363462326335303530646665613661346565
63313039383239363164346330303537316637616436366366313362643039363739616666393133
62353131393433303633356638343337353864316262303034373665333633613339646234303737
62356534643232333433376538626465616161383732346461316238383737613264343938623939
62343937653337336465353836383735376436303339313361373462623735376137386139333934
34663731616561346264383263643731376236356232353830613332396665353561623132306163
65303366623061376230613864643134353466373736643436376665303361623033653162306364
61646566326332636135396538663338663135323833393132666166316537636235623532646432
30386439303133656137616238336466303738663964623036353038633932383931663133343735
61363635656531326437336634393932613130333632393133653336353734343437386637333663
66346331636564626632313638653635333834623465616334333439656232636438346431326338
32343033646430316332336339383332383631343964346334386164346131383736303233373663
66316230306462626266306334383431653764363032303433643866626436633361646338666533
30306338613961653033656638663336626232656435323935616130373165313732626337333061
31613730323837333533646336316437663566623731383064303035666664636165623133326139
33636662633861653964326663356234343732383332396366396464646531646634376366383964
32656633353935323131316433333430383030626665636631613334346463336135306532336434
38366332653638643862373235616665656330653062306633623137386437363265623966393366
36383066333638633535306561373562656637616538373165393433343861643363616166653663
66343664373633366335646534623764363165373937613664663231366533623566376264323739
35653465653733373534323036373935636331636235613630653036313739663765373934353036
39653431393761666135663961333933623130383034616537316637373134633737383261373736
35303339356631366231346535326332633131376430613966613165366230613039643938303937
39393734386438616162646237643737636135326437313864656466376333326131653839666262
31333337363364323566323331383662383939306563326430333136633133313935366666656535
61343239636638653163306438326234636263313036393339663734356334336637303438343638
65366530363430323235303630623931353035663138633231323563616133393263363063386332
32356161663066613134363936623566616633393533333130616534643766636532306631316464
39353664366331353032313463363465613166306265343339633063666533633964303336656662
38316437373537353765646635326133326165316534653266353266306138323236373337363438
64646133323437356630653736646337303263303539323765326435396333636430343563613433
61396438613235346135343134353933323831613266626437363330306563633536373435343930
37646366666463386536343638623862363434306235643635636136393563393265666164316461
32323239373636373530386362356135656235386335643965616633646234306165623565663763
30653965663163303566353732396336323536636132623464396638343431646330366333313461
37303838626333313038363934393136323465646164393834353266656263353530643431626562
35363030393139623464316562373430656132323836306437623338646563373961326537363034
62306461323961633932383438666139306463343062373462383030623532323936323236666461
65646133376433636465633935356166653166323632363232306164393438633632396466336661
36353536616663303462366631316266343162363962663234336361613863636138663538336432
61663736633335623638353964643662396531336338323964666561303435373962316536383635
35376131666432386366356566356531346463336630303061343234353565363261343239323630
33363233646630343431643830616666336531623939373632343861626564323162623135636462
36643733663364313835376237383664383735623037653961663363306139303830626539343236
37316264323464303633656161343438636365663935326236363034656665666534336537643533
31663233366533383635383933326165363035656237666135656434626538306661316365633630
35316433373263333935633466653531633939666531343336643931313831373865326632323735
35636332346564666263363031363138633835626137336539306239643138666137656637656533
33653534626166303038613261653037383436646531656362333733333963303335626538363538
30646663613432376661646631626634346638623165346538396532656530316430336432333761
33336137383261353738616362303730653639353032356230383466303562623230393635656133
39646265326362613032623765356261616530363532333732663937323230393165653965343935
31383966373732636561646435366466623330656364393130623735616636623032346264646637
64366230393263383061346461333239353561333433333134316138353631623538636337666332
39666630613337343164353534633666333237303361396334366666306634393562323866356238
64373630346234353933646264653236323663613064323664383565356439396232323936373032
38636332323031343962383464613261373638383262613938303563363661613730343838373835
32633338613165363364643862646332346664333136326138373533663534306561643334323733
35656566323864326331633166303334316135626633303835613933656632356163343332323066
36303137316236326565623038373862623163396336623535366336396264366266
